500
56 
122 
639 
505 
748 
784 
780 
493 
14 
16 
17 
971 
210 
959 
194 
192 
948 
766 
569 
33 
477 
268 
317 
602 
276 
42 
43 
282 
734 
722 
989 
626 
308 
420 
141 
642 
694 
646 
135 
506 
649 
333 
859 
691 
448 
220 
678 
354 
351 
374 
107 
379 
110 
854 
112 
340 
334 
655 
397 
326 
325 
132 
647 
323 
316 
74 
914 
515 
843 
431 
730 
829 
293 
164 
621 
738 
170 
441 
176 
741 
966 
747 
592 
575 
764 
938 
258 
556 
767 
955 
772 
357 
235 
230 
538 
205 
531 
976 
848 
791 
75 
77 
425 
519 
785 
209 
917 
520 
611 
983 
652 
1 
186 
807 
239 
658 
809 
778 
790 
380 
893 
377 
540 
819 
667 
45 
491 
184 
489 
672 
822 
874 
742 
486 
680 
869 
174 
356 
378 
823 
826 
733 
453 
690 
346 
298 
342 
121 
842 
332 
303 
713 
574 
412 
692 
312 
702 
136 
315 
895 
309 
319 
693 
140 
849 
850 
591 
933 
473 
724 
851 
931 
29 
727 
593 
839 
827 
565 
62 
100 
283 
177 
925 
560 
24 
446 
274 
63 
875 
975 
440 
536 
439 
193 
811 
240 
656 
682 
804 
997 
222 
908 
787 
213 
640 
212 
7 
776 
514 
73 
406 
400 
60 
430 
396 
922 
906 
605 
604 
886 
669 
442 
362 
358 
865 
39 
687 
597 
596 
460 
863 
852 
328 
311 
142 
719 
935 
299 
284 
483 
279 
278 
178 
821 
267 
261 
815 
978 
255 
233 
421 
229 
203 
526 
225 
786 
232 
369 
754 
435 
3 
831 
844 
502 
845 
533 
245 
120 
251 
111 
820 
998 
272 
987 
743 
554 
812 
870 
878 
888 
718 
707 
970 
347 
352 
570 
361 
708 
516 
584 
663 
921 
391 
650 
393 
41 
159 
671 
944 
436 
25 
610 
189 
907 
614 
202 
167 
208 
507 
627 
530 
936 
532 
500 
641 
456 
499 
35 
926 
992 
860 
594 
462 
463 
265 
389 
48 
549 
951 
106 
70 
98 
292 
9 
896 
736 
305 
712 
900 
688 
905 
21 
613 
986 
81 
313 
704 
349 
972 
423 
479 
360 
485 
679 
899 
963 
11 
887 
296 
89 
729 
880 
677 
364 
90 
302 
92 
5 
281 
23 
551 
103 
864 
370 
467 
4 
755 
756 
757 
541 
923 
648 
855 
768 
457 
539 
644 
139 
777 
451 
504 
629 
228 
148 
429 
830 
348 
450 
792 
166 
433 
803 
616 
509 
411 
34 
555 
201 
187 
994 
181 
508 
559 
799 
211 
13 
216 
320 
19 
149 
480 
145 
964 
468 
247 
954 
950 
606 
623 
942 
254 
939 
38 
275 
746 
576 
867 
277 
739 
404 
287 
877 
924 
654 
387 
381 
300 
889 
50 
87 
367 
913 
301 
706 
329 
775 
561 
314 
723 
83 
890 
725 
728 
294 
732 
286 
745 
260 
645 
416 
638 
28 
109 
771 
113 
196 
125 
588 
127 
779 
22 
962 
472 
241 
567 
969 
219 
836 
217 
154 
802 
557 
488 
179 
78 
546 
497 
761 
197 
550 
